1733579908185 32.0 1
1733579914069 32.0 2
1733579919369 32.0 3
1733579925187 32.0 4
1733579931008 32.0 5
1733579936376 32.0 6
1733579942630 32.0 7
1733579948095 32.0 8
1733579953516 32.0 9
1733579959601 32.0 10
1733579964917 32.0 11
1733579970943 32.0 12
1733579976593 32.0 13
1733579981865 32.0 14
1733579988071 32.0 15
1733579993478 32.0 16
1733579999486 32.0 17
1733580005247 32.0 18
1733580010648 32.0 19
1733580017050 32.0 20
1733580022472 32.0 21
1733580028079 32.0 22
1733580033893 32.0 23
1733580039194 32.0 24
1733580045188 32.0 25
1733580050928 32.0 26
1733580056305 32.0 27
1733580062421 32.0 28
1733580067792 32.0 29
1733580073701 32.0 30
1733580079383 32.0 31
1733580084748 32.0 32
1733580091056 32.0 33
1733580096485 32.0 34
1733580102553 32.0 35
1733580109364 32.0 36
1733580114698 32.0 37
1733580120567 32.0 38
1733580126380 32.0 39
1733580131777 32.0 40
1733580138035 32.0 41
1733580143493 32.0 42
1733580148920 32.0 43
1733580154977 32.0 44
1733580160337 32.0 45
1733580166505 32.0 46
1733580172163 32.0 47
1733580177541 32.0 48
1733580183814 32.0 49
1733580189169 32.0 50
1733580195079 32.0 51
1733580200847 32.0 52
1733580206143 32.0 53
1733580212327 32.0 54
1733580217933 32.0 55
1733580223316 32.0 56
1733580229336 32.0 57
1733580234774 32.0 58
1733580240794 32.0 59
1733580246474 32.0 60
1733580251833 32.0 61
1733580258187 32.0 62
1733580263577 32.0 63
1733580269347 32.0 64
1733580275289 32.0 65
1733580280658 32.0 66
1733580286956 32.0 67
1733580292683 32.0 68
1733580298057 32.0 69
1733580304174 32.0 70
1733580309523 32.0 71
1733580315459 32.0 72
1733580321328 32.0 73
1733580326730 32.0 74
1733580333701 32.0 75
1733580339756 32.0 76
1733580345099 32.0 77
1733580351258 32.0 78
1733580356703 32.0 79
1733580362543 32.0 80
1733580368354 32.0 81
1733580373705 32.0 82
1733580380003 32.0 83
1733580385584 32.0 84
1733580391341 32.0 85
1733580397281 32.0 86
1733580402680 32.0 87
1733580408879 32.0 88
1733580414447 32.0 89
1733580419800 32.0 90
1733580425839 32.0 91
1733580431165 32.0 92
1733580437082 32.0 93
1733580442987 32.0 94
1733580448318 32.0 95
1733580454726 32.0 96
1733580460172 32.0 97
1733580465705 32.0 98
1733580471783 32.0 99
1733580477157 32.0 100
