1733579908186 0.0001 1
1733579914070 0.0001 2
1733579919371 0.0001 3
1733579925188 0.0001 4
1733579931009 0.0001 5
1733579936377 0.0001 6
1733579942630 0.0001 7
1733579948096 0.0001 8
1733579953517 0.0001 9
1733579959601 0.0001 10
1733579964918 0.0001 11
1733579970944 0.0001 12
1733579976594 0.0001 13
1733579981872 0.0001 14
1733579988072 0.0001 15
1733579993479 0.0001 16
1733579999487 0.0001 17
1733580005248 0.0001 18
1733580010648 0.0001 19
1733580017052 0.0001 20
1733580022473 0.0001 21
1733580028093 0.0001 22
1733580033894 0.0001 23
1733580039195 0.0001 24
1733580045189 0.0001 25
1733580050929 0.0001 26
1733580056306 0.0001 27
1733580062422 0.0001 28
1733580067793 0.0001 29
1733580073702 0.0001 30
1733580079384 0.0001 31
1733580084749 0.0001 32
1733580091057 0.0001 33
1733580096486 0.0001 34
1733580102554 0.0001 35
1733580109365 0.0001 36
1733580114699 0.0001 37
1733580120568 0.0001 38
1733580126381 0.0001 39
1733580131780 0.0001 40
1733580138036 0.0001 41
1733580143494 0.0001 42
1733580148921 0.0001 43
1733580154978 0.0001 44
1733580160338 0.0001 45
1733580166506 0.0001 46
1733580172164 0.0001 47
1733580177542 0.0001 48
1733580183815 0.0001 49
1733580189170 0.0001 50
1733580195080 0.0001 51
1733580200848 0.0001 52
1733580206144 0.0001 53
1733580212328 0.0001 54
1733580217934 0.0001 55
1733580223322 0.0001 56
1733580229337 0.0001 57
1733580234775 0.0001 58
1733580240795 0.0001 59
1733580246480 0.0001 60
1733580251834 0.0001 61
1733580258189 0.0001 62
1733580263578 0.0001 63
1733580269348 0.0001 64
1733580275291 0.0001 65
1733580280659 0.0001 66
1733580286956 0.0001 67
1733580292684 0.0001 68
1733580298057 0.0001 69
1733580304175 0.0001 70
1733580309523 0.0001 71
1733580315461 0.0001 72
1733580321329 0.0001 73
1733580326731 0.0001 74
1733580333701 0.0001 75
1733580339757 0.0001 76
1733580345100 0.0001 77
1733580351259 0.0001 78
1733580356704 0.0001 79
1733580362544 0.0001 80
1733580368354 0.0001 81
1733580373706 0.0001 82
1733580380005 0.0001 83
1733580385585 0.0001 84
1733580391342 0.0001 85
1733580397282 0.0001 86
1733580402681 0.0001 87
1733580408879 0.0001 88
1733580414448 0.0001 89
1733580419803 0.0001 90
1733580425840 0.0001 91
1733580431166 0.0001 92
1733580437082 0.0001 93
1733580442988 0.0001 94
1733580448318 0.0001 95
1733580454727 0.0001 96
1733580460173 0.0001 97
1733580465706 0.0001 98
1733580471784 0.0001 99
1733580477161 0.0001 100
