1733579908187 0.1 1
1733579914071 0.1 2
1733579919372 0.1 3
1733579925189 0.1 4
1733579931016 0.1 5
1733579936378 0.1 6
1733579942631 0.1 7
1733579948097 0.1 8
1733579953518 0.1 9
1733579959602 0.1 10
1733579964919 0.1 11
1733579970945 0.1 12
1733579976595 0.1 13
1733579981873 0.1 14
1733579988072 0.1 15
1733579993480 0.1 16
1733579999488 0.1 17
1733580005249 0.1 18
1733580010649 0.1 19
1733580017053 0.1 20
1733580022474 0.1 21
1733580028097 0.1 22
1733580033894 0.1 23
1733580039196 0.1 24
1733580045191 0.1 25
1733580050930 0.1 26
1733580056307 0.1 27
1733580062423 0.1 28
1733580067794 0.1 29
1733580073703 0.1 30
1733580079385 0.1 31
1733580084752 0.1 32
1733580091059 0.1 33
1733580096487 0.1 34
1733580102555 0.1 35
1733580109366 0.1 36
1733580114700 0.1 37
1733580120568 0.1 38
1733580126383 0.1 39
1733580131787 0.1 40
1733580138037 0.1 41
1733580143495 0.1 42
1733580148922 0.1 43
1733580154979 0.1 44
1733580160339 0.1 45
1733580166507 0.1 46
1733580172165 0.1 47
1733580177542 0.1 48
1733580183816 0.1 49
1733580189171 0.1 50
1733580195081 0.1 51
1733580200849 0.1 52
1733580206145 0.1 53
1733580212329 0.1 54
1733580217934 0.1 55
1733580223323 0.1 56
1733580229338 0.1 57
1733580234776 0.1 58
1733580240796 0.1 59
1733580246482 0.1 60
1733580251834 0.1 61
1733580258190 0.1 62
1733580263579 0.1 63
1733580269349 0.1 64
1733580275293 0.1 65
1733580280660 0.1 66
1733580286957 0.1 67
1733580292685 0.1 68
1733580298058 0.1 69
1733580304176 0.1 70
1733580309524 0.1 71
1733580315462 0.1 72
1733580321330 0.1 73
1733580326732 0.1 74
1733580333702 0.1 75
1733580339758 0.1 76
1733580345101 0.1 77
1733580351260 0.1 78
1733580356705 0.1 79
1733580362545 0.1 80
1733580368355 0.1 81
1733580373706 0.1 82
1733580380007 0.1 83
1733580385586 0.1 84
1733580391343 0.1 85
1733580397283 0.1 86
1733580402682 0.1 87
1733580408880 0.1 88
1733580414449 0.1 89
1733580419804 0.1 90
1733580425841 0.1 91
1733580431167 0.1 92
1733580437083 0.1 93
1733580442989 0.1 94
1733580448319 0.1 95
1733580454728 0.1 96
1733580460174 0.1 97
1733580465707 0.1 98
1733580471785 0.1 99
1733580477162 0.1 100
