1733579908188 0.3 1
1733579914072 0.3 2
1733579919373 0.3 3
1733579925190 0.3 4
1733579931017 0.3 5
1733579936379 0.3 6
1733579942632 0.3 7
1733579948098 0.3 8
1733579953519 0.3 9
1733579959603 0.3 10
1733579964920 0.3 11
1733579970946 0.3 12
1733579976596 0.3 13
1733579981874 0.3 14
1733579988073 0.3 15
1733579993481 0.3 16
1733579999489 0.3 17
1733580005250 0.3 18
1733580010650 0.3 19
1733580017054 0.3 20
1733580022475 0.3 21
1733580028098 0.3 22
1733580033895 0.3 23
1733580039197 0.3 24
1733580045192 0.3 25
1733580050931 0.3 26
1733580056308 0.3 27
1733580062433 0.3 28
1733580067795 0.3 29
1733580073704 0.3 30
1733580079386 0.3 31
1733580084753 0.3 32
1733580091061 0.3 33
1733580096489 0.3 34
1733580102556 0.3 35
1733580109367 0.3 36
1733580114701 0.3 37
1733580120569 0.3 38
1733580126384 0.3 39
1733580131789 0.3 40
1733580138038 0.3 41
1733580143496 0.3 42
1733580148923 0.3 43
1733580154980 0.3 44
1733580160340 0.3 45
1733580166508 0.3 46
1733580172166 0.3 47
1733580177543 0.3 48
1733580183817 0.3 49
1733580189172 0.3 50
1733580195082 0.3 51
1733580200850 0.3 52
1733580206146 0.3 53
1733580212330 0.3 54
1733580217938 0.3 55
1733580223324 0.3 56
1733580229339 0.3 57
1733580234777 0.3 58
1733580240797 0.3 59
1733580246483 0.3 60
1733580251835 0.3 61
1733580258191 0.3 62
1733580263580 0.3 63
1733580269350 0.3 64
1733580275293 0.3 65
1733580280661 0.3 66
1733580286958 0.3 67
1733580292685 0.3 68
1733580298059 0.3 69
1733580304177 0.3 70
1733580309544 0.3 71
1733580315464 0.3 72
1733580321331 0.3 73
1733580326733 0.3 74
1733580333706 0.3 75
1733580339759 0.3 76
1733580345103 0.3 77
1733580351263 0.3 78
1733580356706 0.3 79
1733580362547 0.3 80
1733580368356 0.3 81
1733580373707 0.3 82
1733580380011 0.3 83
1733580385587 0.3 84
1733580391344 0.3 85
1733580397284 0.3 86
1733580402683 0.3 87
1733580408881 0.3 88
1733580414450 0.3 89
1733580419805 0.3 90
1733580425842 0.3 91
1733580431168 0.3 92
1733580437084 0.3 93
1733580442989 0.3 94
1733580448320 0.3 95
1733580454729 0.3 96
1733580460175 0.3 97
1733580465707 0.3 98
1733580471786 0.3 99
1733580477162 0.3 100
