1733579908184 100.0 1
1733579914068 100.0 2
1733579919368 100.0 3
1733579925186 100.0 4
1733579931008 100.0 5
1733579936375 100.0 6
1733579942629 100.0 7
1733579948094 100.0 8
1733579953515 100.0 9
1733579959600 100.0 10
1733579964916 100.0 11
1733579970942 100.0 12
1733579976592 100.0 13
1733579981864 100.0 14
1733579988068 100.0 15
1733579993477 100.0 16
1733579999485 100.0 17
1733580005247 100.0 18
1733580010647 100.0 19
1733580017049 100.0 20
1733580022471 100.0 21
1733580028078 100.0 22
1733580033892 100.0 23
1733580039193 100.0 24
1733580045187 100.0 25
1733580050927 100.0 26
1733580056304 100.0 27
1733580062420 100.0 28
1733580067791 100.0 29
1733580073700 100.0 30
1733580079382 100.0 31
1733580084747 100.0 32
1733580091055 100.0 33
1733580096484 100.0 34
1733580102552 100.0 35
1733580109363 100.0 36
1733580114691 100.0 37
1733580120566 100.0 38
1733580126379 100.0 39
1733580131777 100.0 40
1733580138033 100.0 41
1733580143492 100.0 42
1733580148919 100.0 43
1733580154976 100.0 44
1733580160336 100.0 45
1733580166504 100.0 46
1733580172162 100.0 47
1733580177540 100.0 48
1733580183813 100.0 49
1733580189168 100.0 50
1733580195079 100.0 51
1733580200846 100.0 52
1733580206142 100.0 53
1733580212326 100.0 54
1733580217932 100.0 55
1733580223309 100.0 56
1733580229335 100.0 57
1733580234774 100.0 58
1733580240793 100.0 59
1733580246473 100.0 60
1733580251832 100.0 61
1733580258186 100.0 62
1733580263576 100.0 63
1733580269342 100.0 64
1733580275288 100.0 65
1733580280657 100.0 66
1733580286955 100.0 67
1733580292682 100.0 68
1733580298056 100.0 69
1733580304174 100.0 70
1733580309521 100.0 71
1733580315457 100.0 72
1733580321328 100.0 73
1733580326729 100.0 74
1733580333700 100.0 75
1733580339755 100.0 76
1733580345098 100.0 77
1733580351258 100.0 78
1733580356702 100.0 79
1733580362542 100.0 80
1733580368353 100.0 81
1733580373704 100.0 82
1733580380001 100.0 83
1733580385583 100.0 84
1733580391340 100.0 85
1733580397281 100.0 86
1733580402679 100.0 87
1733580408878 100.0 88
1733580414444 100.0 89
1733580419798 100.0 90
1733580425838 100.0 91
1733580431164 100.0 92
1733580437080 100.0 93
1733580442980 100.0 94
1733580448317 100.0 95
1733580454725 100.0 96
1733580460171 100.0 97
1733580465704 100.0 98
1733580471782 100.0 99
1733580477156 100.0 100
