1733579908183 10.0 1
1733579914067 10.0 2
1733579919367 10.0 3
1733579925185 10.0 4
1733579931007 10.0 5
1733579936375 10.0 6
1733579942628 10.0 7
1733579948093 10.0 8
1733579953514 10.0 9
1733579959599 10.0 10
1733579964915 10.0 11
1733579970941 10.0 12
1733579976591 10.0 13
1733579981863 10.0 14
1733579988067 10.0 15
1733579993476 10.0 16
1733579999484 10.0 17
1733580005246 10.0 18
1733580010646 10.0 19
1733580017046 10.0 20
1733580022470 10.0 21
1733580028078 10.0 22
1733580033891 10.0 23
1733580039192 10.0 24
1733580045186 10.0 25
1733580050926 10.0 26
1733580056302 10.0 27
1733580062419 10.0 28
1733580067790 10.0 29
1733580073700 10.0 30
1733580079381 10.0 31
1733580084746 10.0 32
1733580091054 10.0 33
1733580096483 10.0 34
1733580102551 10.0 35
1733580109362 10.0 36
1733580114684 10.0 37
1733580120565 10.0 38
1733580126378 10.0 39
1733580131776 10.0 40
1733580138033 10.0 41
1733580143491 10.0 42
1733580148918 10.0 43
1733580154975 10.0 44
1733580160335 10.0 45
1733580166503 10.0 46
1733580172161 10.0 47
1733580177539 10.0 48
1733580183812 10.0 49
1733580189167 10.0 50
1733580195078 10.0 51
1733580200845 10.0 52
1733580206141 10.0 53
1733580212325 10.0 54
1733580217929 10.0 55
1733580223308 10.0 56
1733580229335 10.0 57
1733580234773 10.0 58
1733580240792 10.0 59
1733580246472 10.0 60
1733580251831 10.0 61
1733580258185 10.0 62
1733580263575 10.0 63
1733580269341 10.0 64
1733580275287 10.0 65
1733580280656 10.0 66
1733580286954 10.0 67
1733580292681 10.0 68
1733580298055 10.0 69
1733580304173 10.0 70
1733580309521 10.0 71
1733580315456 10.0 72
1733580321327 10.0 73
1733580326728 10.0 74
1733580333699 10.0 75
1733580339754 10.0 76
1733580345097 10.0 77
1733580351257 10.0 78
1733580356701 10.0 79
1733580362541 10.0 80
1733580368352 10.0 81
1733580373703 10.0 82
1733580380000 10.0 83
1733580385582 10.0 84
1733580391339 10.0 85
1733580397280 10.0 86
1733580402678 10.0 87
1733580408877 10.0 88
1733580414443 10.0 89
1733580419789 10.0 90
1733580425837 10.0 91
1733580431163 10.0 92
1733580437079 10.0 93
1733580442979 10.0 94
1733580448316 10.0 95
1733580454724 10.0 96
1733580460170 10.0 97
1733580465702 10.0 98
1733580471781 10.0 99
1733580477155 10.0 100
