1733579908175 0.0 1
1733579914060 0.0 2
1733579919360 0.0 3
1733579925180 0.0 4
1733579931001 0.0 5
1733579936368 0.0 6
1733579942621 0.0 7
1733579948087 0.0 8
1733579953508 0.0 9
1733579959592 0.0 10
1733579964909 0.0 11
1733579970935 0.0 12
1733579976585 0.0 13
1733579981857 0.0 14
1733579988051 0.0 15
1733579993469 0.0 16
1733579999477 0.0 17
1733580005239 0.0 18
1733580010639 0.0 19
1733580017032 0.0 20
1733580022455 0.0 21
1733580028068 0.0 22
1733580033885 0.0 23
1733580039186 0.0 24
1733580045173 0.0 25
1733580050920 0.0 26
1733580056294 0.0 27
1733580062412 0.0 28
1733580067783 0.0 29
1733580073694 0.0 30
1733580079375 0.0 31
1733580084740 0.0 32
1733580091038 0.0 33
1733580096477 0.0 34
1733580102540 0.0 35
1733580109355 0.0 36
1733580114670 0.0 37
1733580120555 0.0 38
1733580126371 0.0 39
1733580131769 0.0 40
1733580138026 0.0 41
1733580143485 0.0 42
1733580148910 0.0 43
1733580154969 0.0 44
1733580160329 0.0 45
1733580166493 0.0 46
1733580172155 0.0 47
1733580177533 0.0 48
1733580183806 0.0 49
1733580189161 0.0 50
1733580195071 0.0 51
1733580200839 0.0 52
1733580206135 0.0 53
1733580212319 0.0 54
1733580217913 0.0 55
1733580223301 0.0 56
1733580229328 0.0 57
1733580234765 0.0 58
1733580240786 0.0 59
1733580246466 0.0 60
1733580251824 0.0 61
1733580258178 0.0 62
1733580263569 0.0 63
1733580269332 0.0 64
1733580275281 0.0 65
1733580280648 0.0 66
1733580286946 0.0 67
1733580292667 0.0 68
1733580298049 0.0 69
1733580304166 0.0 70
1733580309514 0.0 71
1733580315441 0.0 72
1733580321320 0.0 73
1733580326721 0.0 74
1733580333693 0.0 75
1733580339747 0.0 76
1733580345090 0.0 77
1733580351250 0.0 78
1733580356690 0.0 79
1733580362532 0.0 80
1733580368344 0.0 81
1733580373697 0.0 82
1733580379989 0.0 83
1733580385576 0.0 84
1733580391334 0.0 85
1733580397274 0.0 86
1733580402672 0.0 87
1733580408870 0.0 88
1733580414436 0.0 89
1733580419783 0.0 90
1733580425831 0.0 91
1733580431157 0.0 92
1733580437074 0.0 93
1733580442973 0.0 94
1733580448310 0.0 95
1733580454708 0.0 96
1733580460164 0.0 97
1733580465696 0.0 98
1733580471775 0.0 99
1733580477151 0.0 100
