1733579908169 0.0 1
1733579914053 1.0 2
1733579919353 2.0 3
1733579925174 3.0 4
1733579930995 4.0 5
1733579936362 5.0 6
1733579942612 6.0 7
1733579948081 7.0 8
1733579953503 8.0 9
1733579959586 9.0 10
1733579964903 10.0 11
1733579970930 11.0 12
1733579976571 12.0 13
1733579981851 13.0 14
1733579988044 14.0 15
1733579993458 15.0 16
1733579999471 16.0 17
1733580005233 17.0 18
1733580010631 18.0 19
1733580017026 19.0 20
1733580022449 20.0 21
1733580028063 21.0 22
1733580033879 22.0 23
1733580039180 23.0 24
1733580045161 24.0 25
1733580050914 25.0 26
1733580056288 26.0 27
1733580062406 27.0 28
1733580067770 28.0 29
1733580073688 29.0 30
1733580079370 30.0 31
1733580084734 31.0 32
1733580091031 32.0 33
1733580096471 33.0 34
1733580102529 34.0 35
1733580109347 35.0 36
1733580114658 36.0 37
1733580120549 37.0 38
1733580126365 38.0 39
1733580131764 39.0 40
1733580138011 40.0 41
1733580143479 41.0 42
1733580148904 42.0 43
1733580154963 43.0 44
1733580160323 44.0 45
1733580166480 45.0 46
1733580172149 46.0 47
1733580177527 47.0 48
1733580183800 48.0 49
1733580189155 49.0 50
1733580195066 50.0 51
1733580200833 51.0 52
1733580206129 52.0 53
1733580212313 53.0 54
1733580217891 54.0 55
1733580223296 55.0 56
1733580229323 56.0 57
1733580234759 57.0 58
1733580240778 58.0 59
1733580246460 59.0 60
1733580251818 60.0 61
1733580258170 61.0 62
1733580263563 62.0 63
1733580269322 63.0 64
1733580275275 64.0 65
1733580280640 65.0 66
1733580286934 66.0 67
1733580292662 67.0 68
1733580298043 68.0 69
1733580304161 69.0 70
1733580309508 70.0 71
1733580315435 71.0 72
1733580321312 72.0 73
1733580326710 73.0 74
1733580333684 74.0 75
1733580339741 75.0 76
1733580345085 76.0 77
1733580351244 77.0 78
1733580356682 78.0 79
1733580362526 79.0 80
1733580368338 80.0 81
1733580373691 81.0 82
1733580379981 82.0 83
1733580385570 83.0 84
1733580391327 84.0 85
1733580397268 85.0 86
1733580402664 86.0 87
1733580408861 87.0 88
1733580414431 88.0 89
1733580419777 89.0 90
1733580425825 90.0 91
1733580431151 91.0 92
1733580437068 92.0 93
1733580442967 93.0 94
1733580448304 94.0 95
1733580454700 95.0 96
1733580460158 96.0 97
1733580465691 97.0 98
1733580471769 98.0 99
1733580477148 99.0 100
