1733579908182 1.0 1
1733579914066 2.0 2
1733579919366 3.0 3
1733579925185 4.0 4
1733579931006 5.0 5
1733579936374 6.0 6
1733579942627 7.0 7
1733579948093 8.0 8
1733579953514 9.0 9
1733579959598 10.0 10
1733579964914 11.0 11
1733579970940 12.0 12
1733579976590 13.0 13
1733579981862 14.0 14
1733579988066 15.0 15
1733579993476 16.0 16
1733579999484 17.0 17
1733580005245 18.0 18
1733580010645 19.0 19
1733580017045 20.0 20
1733580022469 21.0 21
1733580028077 22.0 22
1733580033890 23.0 23
1733580039192 24.0 24
1733580045185 25.0 25
1733580050925 26.0 26
1733580056301 27.0 27
1733580062418 28.0 28
1733580067789 29.0 29
1733580073699 30.0 30
1733580079380 31.0 31
1733580084745 32.0 32
1733580091048 33.0 33
1733580096482 34.0 34
1733580102547 35.0 35
1733580109361 36.0 36
1733580114683 37.0 37
1733580120564 38.0 38
1733580126377 39.0 39
1733580131775 40.0 40
1733580138032 41.0 41
1733580143490 42.0 42
1733580148917 43.0 43
1733580154974 44.0 44
1733580160335 45.0 45
1733580166502 46.0 46
1733580172160 47.0 47
1733580177538 48.0 48
1733580183811 49.0 49
1733580189166 50.0 50
1733580195076 51.0 51
1733580200844 52.0 52
1733580206140 53.0 53
1733580212324 54.0 54
1733580217928 55.0 55
1733580223307 56.0 56
1733580229334 57.0 57
1733580234772 58.0 58
1733580240791 59.0 59
1733580246472 60.0 60
1733580251830 61.0 61
1733580258184 62.0 62
1733580263574 63.0 63
1733580269340 64.0 64
1733580275286 65.0 65
1733580280654 66.0 66
1733580286953 67.0 67
1733580292680 68.0 68
1733580298054 69.0 69
1733580304172 70.0 70
1733580309520 71.0 71
1733580315455 72.0 72
1733580321326 73.0 73
1733580326728 74.0 74
1733580333698 75.0 75
1733580339753 76.0 76
1733580345096 77.0 77
1733580351256 78.0 78
1733580356700 79.0 79
1733580362537 80.0 80
1733580368351 81.0 81
1733580373702 82.0 82
1733580379999 83.0 83
1733580385581 84.0 84
1733580391339 85.0 85
1733580397279 86.0 86
1733580402677 87.0 87
1733580408876 88.0 88
1733580414442 89.0 89
1733580419788 90.0 90
1733580425836 91.0 91
1733580431162 92.0 92
1733580437078 93.0 93
1733580442978 94.0 94
1733580448315 95.0 95
1733580454717 96.0 96
1733580460169 97.0 97
1733580465701 98.0 98
1733580471780 99.0 99
1733580477155 100.0 100
