1733579908170 0.0001 1
1733579914054 0.0001 2
1733579919356 0.0001 3
1733579925175 0.0001 4
1733579930996 0.0001 5
1733579936363 0.0001 6
1733579942613 0.0001 7
1733579948082 0.0001 8
1733579953504 0.0001 9
1733579959587 0.0001 10
1733579964904 0.0001 11
1733579970931 0.0001 12
1733579976580 0.0001 13
1733579981852 0.0001 14
1733579988045 0.0001 15
1733579993460 0.0001 16
1733579999472 0.0001 17
1733580005234 0.0001 18
1733580010632 0.0001 19
1733580017027 0.0001 20
1733580022450 0.0001 21
1733580028064 0.0001 22
1733580033880 0.0001 23
1733580039181 0.0001 24
1733580045162 0.0001 25
1733580050915 0.0001 26
1733580056289 0.0001 27
1733580062408 0.0001 28
1733580067771 0.0001 29
1733580073689 0.0001 30
1733580079371 0.0001 31
1733580084735 0.0001 32
1733580091032 0.0001 33
1733580096472 0.0001 34
1733580102530 0.0001 35
1733580109349 0.0001 36
1733580114659 0.0001 37
1733580120550 0.0001 38
1733580126366 0.0001 39
1733580131765 0.0001 40
1733580138012 0.0001 41
1733580143480 0.0001 42
1733580148905 0.0001 43
1733580154964 0.0001 44
1733580160324 0.0001 45
1733580166482 0.0001 46
1733580172150 0.0001 47
1733580177528 0.0001 48
1733580183801 0.0001 49
1733580189156 0.0001 50
1733580195067 0.0001 51
1733580200834 0.0001 52
1733580206130 0.0001 53
1733580212314 0.0001 54
1733580217892 0.0001 55
1733580223297 0.0001 56
1733580229324 0.0001 57
1733580234760 0.0001 58
1733580240779 0.0001 59
1733580246461 0.0001 60
1733580251820 0.0001 61
1733580258173 0.0001 62
1733580263564 0.0001 63
1733580269323 0.0001 64
1733580275276 0.0001 65
1733580280641 0.0001 66
1733580286935 0.0001 67
1733580292663 0.0001 68
1733580298045 0.0001 69
1733580304162 0.0001 70
1733580309509 0.0001 71
1733580315436 0.0001 72
1733580321313 0.0001 73
1733580326711 0.0001 74
1733580333684 0.0001 75
1733580339742 0.0001 76
1733580345086 0.0001 77
1733580351245 0.0001 78
1733580356684 0.0001 79
1733580362527 0.0001 80
1733580368339 0.0001 81
1733580373692 0.0001 82
1733580379982 0.0001 83
1733580385571 0.0001 84
1733580391329 0.0001 85
1733580397269 0.0001 86
1733580402665 0.0001 87
1733580408863 0.0001 88
1733580414432 0.0001 89
1733580419778 0.0001 90
1733580425826 0.0001 91
1733580431152 0.0001 92
1733580437069 0.0001 93
1733580442968 0.0001 94
1733580448305 0.0001 95
1733580454702 0.0001 96
1733580460159 0.0001 97
1733580465692 0.0001 98
1733580471770 0.0001 99
1733580477148 0.0001 100
