1733579908180 12070.0 1
1733579914064 12070.0 2
1733579919364 12070.0 3
1733579925183 12070.0 4
1733579931004 12070.0 5
1733579936372 12070.0 6
1733579942625 12070.0 7
1733579948091 12070.0 8
1733579953512 12070.0 9
1733579959596 12070.0 10
1733579964913 12070.0 11
1733579970939 12070.0 12
1733579976588 12070.0 13
1733579981860 12070.0 14
1733579988055 12070.0 15
1733579993474 12070.0 16
1733579999482 12070.0 17
1733580005243 12070.0 18
1733580010643 12070.0 19
1733580017041 12070.0 20
1733580022468 12070.0 21
1733580028075 12070.0 22
1733580033888 12070.0 23
1733580039190 12070.0 24
1733580045182 12070.0 25
1733580050924 12070.0 26
1733580056297 12070.0 27
1733580062416 12070.0 28
1733580067787 12070.0 29
1733580073697 12070.0 30
1733580079379 12070.0 31
1733580084744 12070.0 32
1733580091044 12070.0 33
1733580096481 12070.0 34
1733580102546 12070.0 35
1733580109359 12070.0 36
1733580114680 12070.0 37
1733580120559 12070.0 38
1733580126375 12070.0 39
1733580131773 12070.0 40
1733580138030 12070.0 41
1733580143488 12070.0 42
1733580148914 12070.0 43
1733580154972 12070.0 44
1733580160333 12070.0 45
1733580166499 12070.0 46
1733580172158 12070.0 47
1733580177536 12070.0 48
1733580183810 12070.0 49
1733580189164 12070.0 50
1733580195074 12070.0 51
1733580200843 12070.0 52
1733580206138 12070.0 53
1733580212323 12070.0 54
1733580217924 12070.0 55
1733580223305 12070.0 56
1733580229332 12070.0 57
1733580234768 12070.0 58
1733580240789 12070.0 59
1733580246470 12070.0 60
1733580251828 12070.0 61
1733580258182 12070.0 62
1733580263572 12070.0 63
1733580269335 12070.0 64
1733580275285 12070.0 65
1733580280652 12070.0 66
1733580286951 12070.0 67
1733580292678 12070.0 68
1733580298052 12070.0 69
1733580304170 12070.0 70
1733580309518 12070.0 71
1733580315453 12070.0 72
1733580321324 12070.0 73
1733580326726 12070.0 74
1733580333696 12070.0 75
1733580339751 12070.0 76
1733580345094 12070.0 77
1733580351254 12070.0 78
1733580356695 12070.0 79
1733580362535 12070.0 80
1733580368349 12070.0 81
1733580373700 12070.0 82
1733580379996 12070.0 83
1733580385580 12070.0 84
1733580391337 12070.0 85
1733580397277 12070.0 86
1733580402675 12070.0 87
1733580408874 12070.0 88
1733580414440 12070.0 89
1733580419786 12070.0 90
1733580425834 12070.0 91
1733580431161 12070.0 92
1733580437077 12070.0 93
1733580442977 12070.0 94
1733580448313 12070.0 95
1733580454714 12070.0 96
1733580460167 12070.0 97
1733580465699 12070.0 98
1733580471778 12070.0 99
1733580477154 12070.0 100
