1733579908174 1.0 1
1733579914059 1.0 2
1733579919359 1.0 3
1733579925179 1.0 4
1733579931000 1.0 5
1733579936367 1.0 6
1733579942620 1.0 7
1733579948086 1.0 8
1733579953508 1.0 9
1733579959592 1.0 10
1733579964908 1.0 11
1733579970935 1.0 12
1733579976584 1.0 13
1733579981856 1.0 14
1733579988050 1.0 15
1733579993466 1.0 16
1733579999476 1.0 17
1733580005238 1.0 18
1733580010637 1.0 19
1733580017031 1.0 20
1733580022455 1.0 21
1733580028067 1.0 22
1733580033884 1.0 23
1733580039185 1.0 24
1733580045172 1.0 25
1733580050919 1.0 26
1733580056293 1.0 27
1733580062411 1.0 28
1733580067782 1.0 29
1733580073693 1.0 30
1733580079374 1.0 31
1733580084739 1.0 32
1733580091037 1.0 33
1733580096476 1.0 34
1733580102540 1.0 35
1733580109355 1.0 36
1733580114668 1.0 37
1733580120554 1.0 38
1733580126370 1.0 39
1733580131768 1.0 40
1733580138024 1.0 41
1733580143484 1.0 42
1733580148909 1.0 43
1733580154968 1.0 44
1733580160328 1.0 45
1733580166492 1.0 46
1733580172154 1.0 47
1733580177532 1.0 48
1733580183805 1.0 49
1733580189160 1.0 50
1733580195070 1.0 51
1733580200838 1.0 52
1733580206134 1.0 53
1733580212318 1.0 54
1733580217912 1.0 55
1733580223301 1.0 56
1733580229327 1.0 57
1733580234764 1.0 58
1733580240783 1.0 59
1733580246465 1.0 60
1733580251823 1.0 61
1733580258177 1.0 62
1733580263568 1.0 63
1733580269331 1.0 64
1733580275280 1.0 65
1733580280646 1.0 66
1733580286945 1.0 67
1733580292667 1.0 68
1733580298048 1.0 69
1733580304166 1.0 70
1733580309513 1.0 71
1733580315441 1.0 72
1733580321317 1.0 73
1733580326717 1.0 74
1733580333688 1.0 75
1733580339746 1.0 76
1733580345089 1.0 77
1733580351249 1.0 78
1733580356689 1.0 79
1733580362531 1.0 80
1733580368343 1.0 81
1733580373696 1.0 82
1733580379987 1.0 83
1733580385575 1.0 84
1733580391333 1.0 85
1733580397273 1.0 86
1733580402671 1.0 87
1733580408869 1.0 88
1733580414436 1.0 89
1733580419782 1.0 90
1733580425830 1.0 91
1733580431156 1.0 92
1733580437073 1.0 93
1733580442972 1.0 94
1733580448309 1.0 95
1733580454707 1.0 96
1733580460163 1.0 97
1733580465695 1.0 98
1733580471774 1.0 99
1733580477151 1.0 100
