1733579908178 14.121028661727905 1
1733579914063 19.965696334838867 2
1733579919363 25.23379373550415 3
1733579925182 31.0198233127594 4
1733579931003 36.810768842697144 5
1733579936371 42.135483264923096 6
1733579942624 48.34659194946289 7
1733579948090 53.78064846992493 8
1733579953511 59.16874885559082 9
1733579959595 65.21829771995544 10
1733579964912 70.50316977500916 11
1733579970938 76.49743032455444 12
1733579976587 82.10652899742126 13
1733579981859 87.34453988075256 14
1733579988053 93.49485731124878 15
1733579993473 98.85521411895752 16
1733579999481 104.81580233573914 17
1733580005242 110.5387191772461 18
1733580010642 115.90349555015564 19
1733580017038 122.26110935211182 20
1733580022467 127.61571168899536 21
1733580028074 133.185626745224 22
1733580033887 138.94371438026428 23
1733580039189 144.21011066436768 24
1733580045181 150.13778495788574 25
1733580050923 155.83303499221802 26
1733580056296 161.17148661613464 27
1733580062415 167.25346422195435 28
1733580067786 172.5650041103363 29
1733580073696 178.43442940711975 30
1733580079378 184.0828893184662 31
1733580084743 189.41415643692017 32
1733580091043 195.66715741157532 33
1733580096480 201.04196429252625 34
1733580102545 207.0599467754364 35
1733580109358 213.82323360443115 36
1733580114673 219.09727096557617 37
1733580120558 224.92013669013977 38
1733580126374 230.6875925064087 39
1733580131772 236.04213452339172 40
1733580138029 242.24416399002075 41
1733580143487 247.66365671157837 42
1733580148913 253.04427409172058 43
1733580154971 259.04724621772766 44
1733580160332 264.3716299533844 45
1733580166498 270.4919581413269 46
1733580172157 276.1146824359894 47
1733580177535 281.4578332901001 48
1733580183809 287.69607853889465 49
1733580189163 293.00524735450745 50
1733580195073 298.8813819885254 51
1733580200842 304.6053092479706 52
1733580206137 309.8642363548279 53
1733580212322 316.0104579925537 54
1733580217923 321.548367023468 55
1733580223304 326.886456489563 56
1733580229331 332.8661801815033 57
1733580234767 338.25377678871155 58
1733580240788 344.204772233963 59
1733580246469 349.8395776748657 60
1733580251827 355.15161299705505 61
1733580258181 361.4514374732971 62
1733580263571 366.79741501808167 63
1733580269335 372.5062744617462 64
1733580275284 378.4063096046448 65
1733580280651 383.7276909351349 66
1733580286950 389.98150300979614 67
1733580292677 395.6601872444153 68
1733580298052 400.9960913658142 69
1733580304169 407.0780026912689 70
1733580309517 412.3870930671692 71
1733580315452 418.2541027069092 72
1733580321323 424.0823302268982 73
1733580326725 429.427206993103 74
1733580333695 436.356068611145 75
1733580339750 442.3664107322693 76
1733580345093 447.66828322410583 77
1733580351253 453.7874011993408 78
1733580356692 459.1731147766113 79
1733580362534 464.97299313545227 80
1733580368348 470.7255437374115 81
1733580373699 476.0371091365814 82
1733580379995 482.27195954322815 83
1733580385579 487.793653011322 84
1733580391336 493.50568771362305 85
1733580397276 499.40782737731934 86
1733580402675 504.7620458602905 87
1733580408873 510.9175977706909 88
1733580414439 516.4449281692505 89
1733580419785 521.7394070625305 90
1733580425833 527.7254433631897 91
1733580431160 533.0115299224854 92
1733580437076 538.8915750980377 93
1733580442976 544.751229763031 94
1733580448312 550.0389845371246 95
1733580454713 556.3918476104736 96
1733580460166 561.7887420654297 97
1733580465698 567.2832815647125 98
1733580471778 573.3193655014038 99
1733580477153 578.6637794971466 100
