1733579908177 14.121028661727905 1
1733579914062 5.844667673110962 2
1733579919362 5.268097400665283 3
1733579925181 5.786029577255249 4
1733579931003 5.790945529937744 5
1733579936370 5.324714422225952 6
1733579942623 6.211108684539795 7
1733579948089 5.434056520462036 8
1733579953510 5.3881003856658936 9
1733579959594 6.049548864364624 10
1733579964911 5.284872055053711 11
1733579970937 5.994260549545288 12
1733579976586 5.609098672866821 13
1733579981858 5.238010883331299 14
1733579988053 6.150317430496216 15
1733579993472 5.36035680770874 16
1733579999478 5.960588216781616 17
1733580005241 5.722916841506958 18
1733580010641 5.364776372909546 19
1733580017038 6.357613801956177 20
1733580022466 5.354602336883545 21
1733580028074 5.569915056228638 22
1733580033886 5.758087635040283 23
1733580039188 5.2663962841033936 24
1733580045180 5.927674293518066 25
1733580050922 5.695250034332275 26
1733580056295 5.338451623916626 27
1733580062414 6.081977605819702 28
1733580067785 5.311539888381958 29
1733580073695 5.869425296783447 30
1733580079377 5.6484599113464355 31
1733580084742 5.3312671184539795 32
1733580091041 6.253000974655151 33
1733580096479 5.374806880950928 34
1733580102544 6.017982482910156 35
1733580109357 6.763286828994751 36
1733580114672 5.2740373611450195 37
1733580120557 5.822865724563599 38
1733580126373 5.767455816268921 39
1733580131771 5.354542016983032 40
1733580138028 6.202029466629028 41
1733580143486 5.419492721557617 42
1733580148912 5.380617380142212 43
1733580154971 6.00297212600708 44
1733580160331 5.324383735656738 45
1733580166498 6.120328187942505 46
1733580172157 5.622724294662476 47
1733580177535 5.343150854110718 48
1733580183808 6.238245248794556 49
1733580189162 5.309168815612793 50
1733580195072 5.876134634017944 51
1733580200841 5.72392725944519 52
1733580206136 5.2589271068573 53
1733580212321 6.14622163772583 54
1733580217922 5.537909030914307 55
1733580223303 5.338089466094971 56
1733580229330 5.979723691940308 57
1733580234766 5.387596607208252 58
1733580240787 5.950995445251465 59
1733580246468 5.63480544090271 60
1733580251826 5.312035322189331 61
1733580258180 6.299824476242065 62
1733580263570 5.345977544784546 63
1733580269334 5.708859443664551 64
1733580275283 5.90003514289856 65
1733580280650 5.321381330490112 66
1733580286950 6.253812074661255 67
1733580292677 5.678684234619141 68
1733580298051 5.335904121398926 69
1733580304168 6.081911325454712 70
1733580309516 5.3090903759002686 71
1733580315451 5.86700963973999 72
1733580321322 5.828227519989014 73
1733580326722 5.344876766204834 74
1733580333695 6.928861618041992 75
1733580339749 6.010342121124268 76
1733580345092 5.301872491836548 77
1733580351252 6.119117975234985 78
1733580356691 5.385713577270508 79
1733580362534 5.799878358840942 80
1733580368347 5.7525506019592285 81
1733580373699 5.311565399169922 82
1733580379994 6.2348504066467285 83
1733580385578 5.521693468093872 84
1733580391335 5.712034702301025 85
1733580397275 5.902139663696289 86
1733580402674 5.354218482971191 87
1733580408872 6.155551910400391 88
1733580414438 5.52733039855957 89
1733580419784 5.294478893280029 90
1733580425832 5.98603630065918 91
1733580431159 5.286086559295654 92
1733580437075 5.880045175552368 93
1733580442975 5.859654664993286 94
1733580448311 5.287754774093628 95
1733580454712 6.352863073348999 96
1733580460166 5.396894454956055 97
1733580465698 5.494539499282837 98
1733580471777 6.036083936691284 99
1733580477152 5.344413995742798 100
