1733579908173 1733579908.0 1
1733579914058 1733579914.0 2
1733579919358 1733579919.0 3
1733579925178 1733579925.0 4
1733579930999 1733579930.0 5
1733579936366 1733579936.0 6
1733579942617 1733579942.0 7
1733579948085 1733579948.0 8
1733579953507 1733579953.0 9
1733579959591 1733579959.0 10
1733579964907 1733579964.0 11
1733579970933 1733579970.0 12
1733579976583 1733579976.0 13
1733579981855 1733579981.0 14
1733579988047 1733579988.0 15
1733579993465 1733579993.0 16
1733579999475 1733579999.0 17
1733580005237 1733580005.0 18
1733580010635 1733580010.0 19
1733580017029 1733580017.0 20
1733580022453 1733580022.0 21
1733580028066 1733580028.0 22
1733580033883 1733580033.0 23
1733580039184 1733580039.0 24
1733580045171 1733580045.0 25
1733580050918 1733580050.0 26
1733580056291 1733580056.0 27
1733580062410 1733580062.0 28
1733580067781 1733580067.0 29
1733580073692 1733580073.0 30
1733580079373 1733580079.0 31
1733580084738 1733580084.0 32
1733580091035 1733580091.0 33
1733580096475 1733580096.0 34
1733580102536 1733580102.0 35
1733580109354 1733580109.0 36
1733580114667 1733580114.0 37
1733580120554 1733580120.0 38
1733580126369 1733580126.0 39
1733580131767 1733580131.0 40
1733580138022 1733580137.0 41
1733580143483 1733580143.0 42
1733580148908 1733580148.0 43
1733580154967 1733580154.0 44
1733580160327 1733580160.0 45
1733580166490 1733580166.0 46
1733580172153 1733580172.0 47
1733580177531 1733580177.0 48
1733580183804 1733580183.0 49
1733580189159 1733580189.0 50
1733580195069 1733580195.0 51
1733580200837 1733580200.0 52
1733580206133 1733580206.0 53
1733580212318 1733580212.0 54
1733580217911 1733580217.0 55
1733580223300 1733580223.0 56
1733580229327 1733580229.0 57
1733580234763 1733580234.0 58
1733580240782 1733580240.0 59
1733580246465 1733580246.0 60
1733580251822 1733580251.0 61
1733580258176 1733580258.0 62
1733580263567 1733580263.0 63
1733580269325 1733580269.0 64
1733580275279 1733580275.0 65
1733580280645 1733580280.0 66
1733580286942 1733580286.0 67
1733580292666 1733580292.0 68
1733580298048 1733580298.0 69
1733580304165 1733580304.0 70
1733580309512 1733580309.0 71
1733580315439 1733580315.0 72
1733580321316 1733580321.0 73
1733580326716 1733580326.0 74
1733580333687 1733580333.0 75
1733580339745 1733580339.0 76
1733580345088 1733580345.0 77
1733580351248 1733580351.0 78
1733580356688 1733580356.0 79
1733580362530 1733580362.0 80
1733580368342 1733580368.0 81
1733580373695 1733580373.0 82
1733580379985 1733580379.0 83
1733580385574 1733580385.0 84
1733580391332 1733580391.0 85
1733580397272 1733580397.0 86
1733580402670 1733580402.0 87
1733580408868 1733580408.0 88
1733580414435 1733580414.0 89
1733580419781 1733580419.0 90
1733580425829 1733580425.0 91
1733580431155 1733580431.0 92
1733580437072 1733580437.0 93
1733580442971 1733580442.0 94
1733580448308 1733580448.0 95
1733580454705 1733580454.0 96
1733580460162 1733580460.0 97
1733580465694 1733580465.0 98
1733580471773 1733580471.0 99
1733580477150 1733580477.0 100
