1733579908171 2.4122307611008496 1
1733579914056 2.3991133905947213 2
1733579919357 2.3883953851958113 3
1733579925176 2.379087388515473 4
1733579930997 2.370356254279613 5
1733579936364 2.36216039955616 6
1733579942614 2.3539422949155164 7
1733579948083 2.3444273297985387 8
1733579953505 2.3353529026110955 9
1733579959588 2.3261234611272807 10
1733579964905 2.321132173140844 11
1733579970931 2.315021201968193 12
1733579976581 2.307414837181568 13
1733579981853 2.300503768026829 14
1733579988046 2.297016471624375 15
1733579993461 2.2924699882666273 16
1733579999473 2.287368593116602 17
1733580005235 2.284372811516125 18
1733580010633 2.2781988903880124 19
1733580017028 2.2732351608574386 20
1733580022451 2.2688470259308815 21
1733580028065 2.264431831737359 22
1733580033881 2.260226457069317 23
1733580039182 2.2563421341280145 24
1733580045163 2.2524627347787214 25
1733580050916 2.2488287414113683 26
1733580056290 2.2451972576479116 27
1733580062409 2.241670940071344 28
1733580067772 2.238292147715887 29
1733580073690 2.235009449223678 30
1733580079371 2.2318209633231163 31
1733580084736 2.2287336761752763 32
1733580091033 2.2256160142521058 33
1733580096473 2.22276354332765 34
1733580102534 2.2199656416972484 35
1733580109350 2.2171353337665396 36
1733580114661 2.2143375861148047 37
1733580120551 2.211722997327646 38
1733580126367 2.209021832793951 39
1733580131766 2.2065731709202128 40
1733580138013 2.204025074839593 41
1733580143481 2.2017360093692937 42
1733580148906 2.1994793166716895 43
1733580154965 2.197179229309162 44
1733580160325 2.1949401336411642 45
1733580166485 2.1929023663202925 46
1733580172151 2.1908420796195682 47
1733580177529 2.1888927593827243 48
1733580183802 2.1869902461767197 49
1733580189157 2.1852911971509466 50
1733580195067 2.1833435843388247 51
1733580200835 2.18162177875638 52
1733580206131 2.1799734731515237 53
1733580212316 2.178290082762639 54
1733580217909 2.1767681936422987 55
1733580223298 2.1751648895442486 56
1733580229325 2.173849931607644 57
1733580234761 2.172099826236566 58
1733580240780 2.1709927010039487 59
1733580246462 2.1693238541483875 60
1733580251821 2.1683468893170357 61
1733580258174 2.1666621292630834 62
1733580263565 2.1657842583954334 63
1733580269324 2.1642628560463577 64
1733580275277 2.1633752286434156 65
1733580280643 2.1619228894511857 66
1733580286936 2.1610615476965904 67
1733580292664 2.159815035760403 68
1733580298046 2.1589267440140234 69
1733580304163 2.1577541542549925 70
1733580309510 2.15694043536981 71
1733580315437 2.1557863975564633 72
1733580321314 2.1550050700704264 73
1733580326712 2.154015312592189 74
1733580333686 2.1531656285126997 75
1733580339743 2.1523400371273365 76
1733580345087 2.151492275297643 77
1733580351246 2.1504899822175503 78
1733580356686 2.149488493800163 79
1733580362528 2.148536634941896 80
1733580368340 2.1477852053940314 81
1733580373693 2.1468291021883497 82
1733580379983 2.146250332395235 83
1733580385572 2.1455590998133007 84
1733580391330 2.144684796531995 85
1733580397270 2.143946330994367 86
1733580402666 2.1433460700015234 87
1733580408864 2.1432704366743573 88
1733580414433 2.143473282456398 89
1733580419779 2.142548790822427 90
1733580425827 2.141584482043981 91
1733580431153 2.1408128539721165 92
1733580437070 2.1403049652775126 93
1733580442969 2.1395342238247395 94
1733580448306 2.1391726359725 95
1733580454703 2.138477835804224 96
1733580460160 2.138261898110311 97
1733580465693 2.137504561493794 98
1733580471771 2.137024761488041 99
1733580477149 2.1366269054512177 100
