1733579908176 1.0 1
1733579914061 2.0 2
1733579919361 3.0 3
1733579925180 4.0 4
1733579931002 5.0 5
1733579936369 6.0 6
1733579942622 7.0 7
1733579948088 8.0 8
1733579953510 9.0 9
1733579959593 10.0 10
1733579964910 11.0 11
1733579970936 12.0 12
1733579976585 13.0 13
1733579981858 14.0 14
1733579988052 15.0 15
1733579993471 16.0 16
1733579999477 17.0 17
1733580005240 18.0 18
1733580010640 19.0 19
1733580017035 20.0 20
1733580022465 21.0 21
1733580028071 22.0 22
1733580033885 23.0 23
1733580039187 24.0 24
1733580045174 25.0 25
1733580050921 26.0 26
1733580056294 27.0 27
1733580062413 28.0 28
1733580067784 29.0 29
1733580073695 30.0 30
1733580079376 31.0 31
1733580084741 32.0 32
1733580091039 33.0 33
1733580096478 34.0 34
1733580102541 35.0 35
1733580109356 36.0 36
1733580114671 37.0 37
1733580120556 38.0 38
1733580126372 39.0 39
1733580131770 40.0 40
1733580138027 41.0 41
1733580143486 42.0 42
1733580148911 43.0 43
1733580154970 44.0 44
1733580160330 45.0 45
1733580166497 46.0 46
1733580172156 47.0 47
1733580177534 48.0 48
1733580183807 49.0 49
1733580189161 50.0 50
1733580195072 51.0 51
1733580200840 52.0 52
1733580206136 53.0 53
1733580212320 54.0 54
1733580217919 55.0 55
1733580223302 56.0 56
1733580229329 57.0 57
1733580234765 58.0 58
1733580240787 59.0 59
1733580246467 60.0 60
1733580251825 61.0 61
1733580258179 62.0 62
1733580263570 63.0 63
1733580269333 64.0 64
1733580275282 65.0 65
1733580280649 66.0 66
1733580286947 67.0 67
1733580292671 68.0 68
1733580298050 69.0 69
1733580304167 70.0 70
1733580309515 71.0 71
1733580315450 72.0 72
1733580321321 73.0 73
1733580326722 74.0 74
1733580333694 75.0 75
1733580339748 76.0 76
1733580345091 77.0 77
1733580351251 78.0 78
1733580356690 79.0 79
1733580362533 80.0 80
1733580368346 81.0 81
1733580373698 82.0 82
1733580379993 83.0 83
1733580385577 84.0 84
1733580391335 85.0 85
1733580397274 86.0 86
1733580402673 87.0 87
1733580408871 88.0 88
1733580414437 89.0 89
1733580419783 90.0 90
1733580425831 91.0 91
1733580431158 92.0 92
1733580437074 93.0 93
1733580442974 94.0 94
1733580448310 95.0 95
1733580454711 96.0 96
1733580460165 97.0 97
1733580465697 98.0 98
1733580471776 99.0 99
1733580477152 100.0 100
